Class A:
87,'F','Spanska',1,0,0,0,[80, 24, 138, 36, 65, 47, 25]
82,'M','Tyska',1,0,0,0,[28, 70, 75, 51, 104, 81, 67]
106,'F','Franska',0,0,0,0,[135, 113, 115, 118, 12, 129, 155]
61,'F','Spanska',0,0,0,0,[]
89,'F','Tyska',1,0,0,0,[77, 74, 71, 120, 32, 95, 88]
17,'M','Spanska',1,0,0,0,[14, 111, 10, 9, 15, 49, 3]
37,'F','Franska',0,0,0,0,[54, 32, 56, 40, 43, 57, 50]
129,'F','Tyska',0,0,1,0,[155, 60, 59, 84, 13, 99, 108]
19,'F','Franska',1,0,1,0,[29, 144, 120, 28, 31, 4, 7]
38,'M','Spanska',1,0,0,0,[22, 35, 18, 114, 46, 137, 48]
79,'M','Spanska',1,0,0,0,[112, 88, 94, 92, 114, 46, 144]
127,'F','Spanska',0,0,0,0,[12, 135, 56, 118, 7, 30, 113]
36,'M','Spanska',0,0,0,0,[138, 33, 80, 6, 87, 49, 83]
56,'F','Franska',1,0,0,0,[37, 32, 124, 57, 40, 54, 108]
97,'F','Franska',0,0,0,0,[120, 92, 31, 99, 108, 95, 26]
141,'M','Spanska',0,0,0,1,[151, 3, 110, 140, 133, 147, 91]
146,'M','Tyska',1,0,1,1,[138, 36, 49, 5, 34, 73, 26]
86,'M','Tyska',1,0,0,0,[81, 51, 75, 90, 70, 93, 104]
135,'F','Spanska',0,0,1,0,[]
24,'F','',0,0,1,1,[]
154,'M','Franska',1,0,0,0,[]
3,'M','Spanska',0,0,1,0,[33, 110, 83, 49, 5, 26, 62]
98,'M','Spanska',1,0,0,0,[94, 31, 139, 121, 112, 100, 78]
70,'M','Spanska',0,0,0,0,[75, 90, 86, 68, 82, 52, 42]
39,'M','Franska',1,0,1,0,[41, 42, 52, 45, 120, 134, 70]
92,'F','Spanska',0,0,0,0,[31, 75, 84, 79, 120, 144, 131]
26,'M','Spanska',1,0,1,1,[146, 2, 133, 3, 49, 91, 83]
47,'F','Spanska',1,0,0,1,[24, 34, 44, 49, 80, 62, 33]
138,'M','Spanska',0,0,1,1,[125, 141, 3, 36, 147, 146, 151]
46,'F','Spanska',1,0,0,0,[32, 53, 58, 88, 95, 100, 120]
155,'F','Tyska',0,0,0,0,[129, 60, 59, 84, 127, 135, 152]
Class B:
108,'F','',1,0,0,0,[99, 124, 109, 97, 102, 129, 155]
144,'F','Spanska',0,0,0,0,[120, 28, 92, 97, 4, 31, 115]
153,'M','Tyska',1,0,0,0,[140, 128, 134, 132, 52, 41, 39]
103,'M','Spanska',0,0,0,1,[96, 102, 104, 122, 141, 114, 16]
67,'M','Spanska',1,0,0,0,[78, 107, 112, 94, 46, 57, 82]
73,'M','Franska',1,0,0,0,[8, 81, 91, 83, 34, 35, 38]
48,'F','Franska',0,0,0,0,[115, 57, 40, 50, 53, 117, 56]
110,'M','Spanska',1,0,0,0,[3, 33, 111, 151, 138, 36, 62]
114,'M','Spanska',0,0,0,0,[123, 115, 41, 52, 42, 107, 117]
71,'F','',1,0,0,0,[74, 77, 84, 86, 90, 81, 75]
41,'M','Spanska',0,0,1,0,[134, 52, 39, 120, 28, 97, 51]
53,'F','Franska',0,0,0,0,[57, 48, 50, 40, 115, 56, 43]
133,'F','',0,0,1,1,[]
77,'F','Franska',0,0,0,0,[71, 109, 74, 84, 81, 90, 92]
22,'M','Franska',0,0,0,0,[]
45,'M','Spanska',0,0,0,0,[52, 42, 39, 41, 114, 120, 134]
115,'F','Franska',0,0,0,0,[114, 48, 107, 117, 101, 120, 53]
6,'F','Spanska',0,0,0,0,[80, 87, 23, 69, 20, 138, 36]
30,'F','Spanska',0,0,0,0,[12, 128, 132, 56, 61, 140, 16]
40,'F','Spanska',1,0,0,0,[53, 48, 57, 50, 117, 115, 56]
55,'F','Spanska',0,0,0,0,[61, 101, 135, 113, 152, 16, 30]
150,'M','Franska',0,0,1,0,[134, 128, 132, 140, 41, 30, 145]
54,'F','Spanska',0,0,0,0,[37, 32, 56, 40, 48, 99, 57]
31,'M','Spanska',0,0,0,0,[142, 144, 131, 97, 120, 92, 4]
11,'F','Franska',0,0,1,0,[7, 31, 118, 101, 4, 142, 132]
2,'M','Franska',1,0,0,1,[9, 10, 20, 14, 26, 15, 83]
9,'M','Spanska',0,0,0,0,[83, 91, 10, 3, 49, 14, 26]
131,'F','Franska',0,0,0,0,[125, 4, 31, 92, 75, 90, 120]
124,'F','Spanska',0,0,0,0,[109, 56, 99, 108, 117, 113, 101]
32,'F','Spanska',1,0,0,0,[54, 37, 40, 57, 74, 115, 100]
117,'F','Spanska',0,0,0,0,[107, 115, 99, 124, 108, 101, 109]
Class C:
132,'M','Spanska',0,0,0,0,[30, 140, 150, 134, 70, 12, 128]
18,'M','Spanska',0,0,0,0,[140, 22, 132, 154, 128, 38, 134]
148,'F','Spanska',0,0,0,0,[125, 69, 20, 147, 133, 131, 2]
20,'F','Franska',0,0,1,1,[69, 13, 6, 3, 25, 5, 23]
44,'F','Spanska',0,0,1,0,[47, 23, 34, 87, 49, 61, 83]
120,'F','Spanska',0,0,0,0,[97, 28, 144, 41, 75, 92, 95]
152,'M','Tyska',0,0,0,0,[155, 56, 140, 23, 129, 61, 130]
25,'F','Spanska',0,0,0,0,[13, 87, 129, 72, 31, 24, 65]
91,'M','Spanska',0,0,1,1,[3, 83, 9, 141, 26, 73, 7]
96,'M','Tyska',0,0,0,0,[103, 102, 104, 141, 122, 114, 118]
101,'F','Franska',0,0,0,0,[113, 118, 117, 107, 115, 109, 124]
102,'M','',0,0,1,1,[]
140,'M','Spanska',0,0,0,0,[]
35,'M','Spanska',0,0,0,0,[18, 22, 38, 73, 49, 114, 85]
139,'M','Franska',0,0,1,0,[150, 98, 94, 121, 140, 67, 130]
119,'F','Spanska',0,0,0,0,[]
28,'F','Spanska',0,0,0,0,[16, 12, 14, 117, 101, 128, 150]
80,'F','Spanska',0,0,0,0,[6, 20, 23, 36, 138, 87, 24]
151,'M','Spanska',0,0,0,0,[141, 133, 147, 47, 110, 83, 91]
136,'F','Spanska',0,0,0,0,[149, 126, 63, 148, 142, 125, 131]
27,'F','Spanska',0,0,0,0,[120, 144, 82, 4, 92, 142, 75]
5,'F','Spanska',0,0,0,1,[]
142,'F','Spanska',0,0,0,0,[144, 4, 31, 97, 120, 28, 92]
16,'F','Spanska',0,0,0,0,[25, 12, 14, 128, 30, 117, 101]
29,'F','Spanska',0,0,0,0,[19, 120, 28, 4, 7, 144, 31]
64,'M','Spanska',0,0,1,0,[]
13,'F','Spanska',0,0,0,0,[25, 20, 84, 6, 23, 155, 129]
7,'M','Spanska',0,0,1,0,[11, 12, 30, 115, 127, 135, 29]
23,'F','Franska',0,0,0,0,[61, 6, 20, 80, 65, 87, 56]
90,'M','Spanska',0,0,0,0,[86, 76, 70, 81, 75, 82, 71]
4,'M','Spanska',0,0,0,0,[142, 30, 28, 144, 131, 97, 120]
Class D:
88,'F','',1,1,0,0,[89, 79, 70, 100, 130, 32, 92]
121,'M','Franska',1,1,0,0,[112, 98, 94, 100, 67, 79, 78]
85,'M','',1,1,0,0,[65, 87, 80, 76, 66, 121, 90]
116,'F','Spanska',1,1,0,0,[88, 46, 32, 130, 100, 117, 96]
49,'M','Franska',1,0,0,0,[10, 33, 62, 47, 35, 3, 24]
50,'F','Franska',1,0,1,0,[57, 40, 48, 53, 43, 51, 115]
109,'F','Franska',1,0,0,0,[124, 77, 84, 99, 108, 113, 101]
126,'F','Franska',1,0,0,0,[149, 136, 125, 148, 74, 63, 84]
15,'M','Spanska',1,0,1,1,[]
78,'M','Tyska',1,0,0,0,[67, 112, 79, 66, 32, 89, 100]
75,'M','Tyska',1,0,0,0,[107, 115, 81, 120, 92, 97, 82]
57,'F','Franska',1,0,0,0,[40, 48, 50, 53, 56, 115, 117]
68,'M','Spanska',0,1,1,0,[]
105,'M','Tyska',1,0,0,0,[66, 51, 82, 67, 86, 78, 116]
72,'F','Spanska',1,0,0,0,[63, 65, 87, 92, 24, 25, 47]
33,'M','Franska',1,0,1,1,[36, 3, 110, 62, 34, 83, 49]
76,'M','Tyska',0,0,0,0,[104, 86, 93, 103, 96, 82, 75]
94,'M','Spanska',0,0,0,0,[100, 98, 121, 139, 31, 67, 112]
81,'M','Franska',0,0,0,0,[8, 73, 123, 75, 86, 70, 82]
145,'F','Franska',0,0,0,0,[143, 115, 150, 58, 130, 134, 128]
14,'M','Spanska',0,0,0,1,[17, 9, 15, 10, 111, 104, 110]
137,'M','Franska',0,0,1,1,[]
107,'F','Tyska',0,0,0,0,[117, 115, 25, 124, 101, 16, 109]
42,'M','Spanska',0,0,0,0,[70, 39, 52, 43, 67, 114, 45]
60,'F','Spanska',0,0,0,0,[155, 129, 59, 56, 84, 99, 13]
134,'M','Tyska',0,0,0,0,[140, 150, 128, 132, 39, 75, 41]
99,'F','Spanska',0,0,0,0,[108, 124, 109, 97, 102, 129, 155]
69,'F','Spanska',0,0,1,0,[]
130,'F','Franska',0,0,0,0,[46, 52, 115, 143, 117, 89, 128]
122,'M','Spanska',0,0,0,1,[103, 96, 123, 14, 38, 116, 106]
128,'M','Spanska',0,0,0,0,[150, 134, 132, 12, 30, 140, 120]
Class E:
147,'F','Spanska',1,0,0,1,[133, 151, 138, 141, 3, 36, 26]
100,'F','Tyska',1,0,0,0,[94, 46, 95, 67, 121, 98, 112]
112,'M','',1,1,0,0,[78, 79, 67, 121, 32, 100, 88]
95,'F','Tyska',1,0,0,0,[58, 120, 97, 88, 100, 108, 89]
8,'M','Franska',1,0,1,0,[73, 81, 99, 102, 108, 22, 29]
63,'F','Tyska',1,0,0,0,[72, 20, 65, 87, 148, 125, 84]
83,'M','Spanska',1,0,0,1,[3, 9, 151, 110, 49, 26, 91]
62,'M','Spanska',1,0,0,0,[10, 15, 9, 14, 33, 17, 3]
58,'F','Spanska',1,0,0,0,[95, 100, 50, 32, 143, 145, 88]
65,'F','Spanska',1,0,0,0,[]
84,'F','Franska',1,0,0,1,[13, 129, 92, 31, 59, 109, 9]
74,'F','Spanska',1,0,0,0,[89, 32, 79, 71, 88, 77, 112]
34,'F','Spanska',0,0,0,1,[]
51,'M','Spanska',0,0,1,0,[43, 82, 86, 105, 31, 75, 50]
125,'F','Franska',1,0,0,0,[]
118,'F','Franska',0,0,0,0,[]
123,'M','Spanska',0,0,0,0,[114, 81, 104, 111, 96, 103, 115]
10,'M','Spanska',0,0,0,0,[14, 17, 9, 49, 62, 33, 2]
21,'M','Spanska',0,0,0,1,[]
143,'F','Franska',0,0,0,0,[145, 130, 115, 150, 58, 128, 134]
111,'M','Spanska',0,0,0,0,[14, 17, 110, 10, 65, 147, 49]
149,'F','Franska',1,0,0,0,[126, 136, 125, 148, 74, 63, 131]
104,'M','Franska',0,0,0,0,[103, 96, 102, 99, 108, 76, 14]
12,'F','Spanska',0,0,0,0,[30, 16, 56, 61, 140, 128, 132]
59,'F','Spanska',0,0,0,0,[129, 60, 155, 13, 84, 44, 99]
66,'M','Tyska',0,0,1,0,[67, 78, 105, 82, 76, 79, 71]
113,'F','Spanska',0,0,0,0,[101, 118, 124, 109, 115, 117, 107]
43,'F','Spanska',1,0,0,0,[51, 50, 41, 53, 42, 31, 82]
52,'M','Spanska',0,0,0,0,[39, 41, 70, 45, 42, 132, 28]
93,'M','Tyska',1,1,0,0,[]
